{
 "cells": [
  {
   "cell_type": "code",
   "execution_count": 1,
   "metadata": {},
   "outputs": [],
   "source": [
    "import numpy as np\n",
    "import numpy.linalg as LA"
   ]
  },
  {
   "cell_type": "code",
   "execution_count": 11,
   "metadata": {},
   "outputs": [],
   "source": [
    "# [0.9989206589542118, -0.017744954825155895, 0.04292590934080716, -0.0304114793034733, -0.948388352184408, 0.3156496085337629, 0.03510924438173563, -0.3166143553586863, -0.9479043680349548]\n",
    "# [5.79435601573757, 20.861068193665876, 255.57261152483116]\n",
    "\n",
    "# [0.9986088041097247, -0.021179464862383583, 0.04828961195421852, -0.03521580459467705, -0.9494924023309249, 0.31180767312976554, 0.03924670000516564, -0.3130744451148836, -0.9489173242989678]\n",
    "# [5.617657268736299, 20.874712634318193, 255.93220642402883]\n",
    "\n",
    "# [0.9987472735215785, -0.022716701501728546, 0.04458514445524542, -0.03542553493421543, -0.9502765353802606, 0.3093857426907599, 0.03533999303676247, -0.3105776195712914, -0.9498908501052065]\n",
    "# [5.339481227286122, 20.905904147754285, 256.0232938034432]\n",
    "\n",
    "# [0.9989945059517127, -0.020923169669330895, 0.03965095269071357, -0.032216345177907474, -0.9500795800004226, 0.3103399728839301, 0.03117826457118376, -0.31130533666676674, -0.9497983486936163]\n",
    "# [5.409390263541869, 20.84478527186941, 256.03296260884775]\n",
    "\n",
    "# [0.999119050656298, -0.021949956100730746, 0.03576761164562553, -0.032150022666735424, -0.9481454960362943, 0.31620641104920366, 0.026972183044475507, -0.3170777787440576, -0.9480159194700002]\n",
    "# [5.3330519314824905, 20.988334333215782, 255.37673704239478]\n",
    "\n",
    "# [0.9993202400393597, -0.02179522497198218, 0.029732574999449497, -0.03016505079735703, -0.9470668336843837, 0.319616148286392, 0.02119262980543177, -0.32029577066120735, -0.947080509639214]\n",
    "# [4.974364120116446, 21.1255232561153, 254.15928251009584]\n"
   ]
  },
  {
   "cell_type": "code",
   "execution_count": 12,
   "metadata": {},
   "outputs": [],
   "source": [
    "# T = np.array([-85.82771204928623, 122.83106798361533, 283.7053755719047])\n",
    "T = np.array([4.974364120116446, 21.1255232561153, 254.15928251009584])\n",
    "\n",
    "R = np.array([\n",
    "    [0.999119050656298, -0.021949956100730746, 0.03576761164562553], \n",
    "    [-0.032150022666735424, -0.9481454960362943, 0.31620641104920366], \n",
    "    [0.026972183044475507, -0.3170777787440576, -0.9480159194700002]])"
   ]
  },
  {
   "cell_type": "code",
   "execution_count": 13,
   "metadata": {},
   "outputs": [],
   "source": [
    "E = np.array([33, 35, -33]).T"
   ]
  },
  {
   "cell_type": "code",
   "execution_count": 14,
   "metadata": {},
   "outputs": [
    {
     "data": {
      "text/plain": [
       "array([ 35.99671314, -23.55533142, 275.23616764])"
      ]
     },
     "execution_count": 14,
     "metadata": {},
     "output_type": "execute_result"
    }
   ],
   "source": [
    "(R @ E) + T\n",
    "\n",
    "## scale factor 구하기"
   ]
  }
 ],
 "metadata": {
  "kernelspec": {
   "display_name": "venv python3",
   "language": "python",
   "name": "python3"
  },
  "language_info": {
   "codemirror_mode": {
    "name": "ipython",
    "version": 3
   },
   "file_extension": ".py",
   "mimetype": "text/x-python",
   "name": "python",
   "nbconvert_exporter": "python",
   "pygments_lexer": "ipython3",
   "version": "3.6.3"
  }
 },
 "nbformat": 4,
 "nbformat_minor": 2
}
